2.169848099687494258e+00
1.681754428995016371e+00
1.466889766695966602e+00
1.305657358409060720e+00
1.182953059019078879e+00
1.118968745648004637e+00
1.116247013037388047e+00
8.943745512844086809e-01
9.381792431375928221e-01
8.937481966066311845e-01
7.607242342520843525e-01
7.485963934906806339e-01
7.482898987853570105e-01
7.475346705323820951e-01
7.476719203764440325e-01
7.474121313717724258e-01
7.472965902908069724e-01
7.469003203827742077e-01
7.469003209908852137e-01
7.469003222504078110e-01
