1.872199656240225440e+00
1.703610020376682188e+00
1.611018944000550457e+00
1.329203631806326280e+00
1.402528608828499834e+00
1.251774113066868033e+00
1.216766920465517821e+00
1.097911408213894546e+00
1.071497797258249784e+00
1.058978052576376783e+00
9.888623389662848373e-01
8.526995516555233579e-01
8.716699130390207495e-01
8.337716044975020946e-01
8.528781968860893459e-01
8.493084906888357377e-01
7.959977526915432700e-01
8.128667071110979858e-01
7.577910031682204561e-01
7.295549754900060302e-01
