2.118596855750168650e+00
1.728690781824975709e+00
1.367056243984413388e+00
1.271404541439245417e+00
1.221267426203061390e+00
1.190501185668015438e+00
1.148430333173967588e+00
1.138269231338258081e+00
1.118763581303262367e+00
9.729538541304799670e-01
9.666538742165555753e-01
9.547539216370748427e-01
9.317665051255569209e-01
8.752240662939274607e-01
8.453227988244251812e-01
8.415841643626094104e-01
8.118587355766877511e-01
8.206747593357714976e-01
7.895342169492785001e-01
7.881135288063201294e-01
