2.362038268357212090e+00
1.158572188265552416e+00
9.980849386116533717e-01
8.933178608472670534e-01
8.551614335665380651e-01
8.504310885574318801e-01
8.306315014858229873e-01
8.306315840956611796e-01
8.306309777626528223e-01
8.002903640978861199e-01
8.002911958677947357e-01
8.002121607946924842e-01
8.002130096719646257e-01
8.002119395688723769e-01
8.002146331361157383e-01
8.002093321334032838e-01
8.002130742649081752e-01
8.002120864629986841e-01
8.002135457764394388e-01
8.002134575887314138e-01
