1.240656351334315727e-03
1.381415515219013490e-03
1.531798737568725727e-03
1.691545788764890236e-03
1.860247086470563985e-03
2.037335336652331373e-03
2.222079761206302920e-03
2.413583325845922688e-03
2.610783333065168528e-03
2.812455679214641291e-03
3.017222993023912191e-03
3.223566777047026741e-03
3.429843566029348954e-03
3.634305000319545606e-03
3.835121592004213809e-03
4.030409840708093841e-03
4.218262239552079094e-03
4.396779604256389681e-03
4.564105064354228268e-03
4.718458979130648982e-03
4.858173985846413537e-03
4.981729356907110481e-03
5.087783837820073103e-03
5.175206159909609763e-03
5.243102470556794403e-03
5.290839997751409576e-03
5.318066362420150947e-03
5.324724067725482637e-03
5.311059824833320488e-03
5.277628514369252406e-03
5.225291726332937335e-03
5.155210962865533313e-03
5.068835722332117565e-03
4.967886804456520845e-03
4.854335280160090860e-03
4.730377652632786374e-03
4.598407795409831418e-03
4.460986287453840363e-03
4.320807774341680479e-03
4.180666969792419529e-03
4.043423875317999489e-03
3.911968741173377055e-03
3.789187223349256475e-03
3.677926114049181322e-03
3.580959942250456357e-03
3.500958661961427274e-03
3.440456573822124088e-03
3.401822565396265922e-03
3.387231710731030115e-03
3.398638243368486220e-03
3.437749910650200573e-03
3.506003731242305146e-03
3.604543211364793706e-03
3.734197125968985106e-03
3.895460035592025749e-03
4.088474783299301217e-03
4.313017293651022488e-03
4.568484071090002201e-03
4.853882862389885533e-03
5.167827000757149389e-03
5.508533982196663764e-03
5.873828832926225596e-03
6.261152806100254986e-03
6.667577894316166313e-03
7.089827560264925534e-03
7.524303972011766629e-03
7.967121883994359235e-03
8.414149133790019969e-03
8.861053533449623695e-03
9.303355729478199332e-03
9.736487395181655027e-03
1.015585391165079072e-02
1.055690049802635033e-02
1.093518057673448056e-02
1.128642501347434240e-02
1.160661076236422368e-02
1.189202738002717585e-02
1.213933985314430593e-02
1.234564621489239386e-02
1.250852850745429699e-02
1.262609577907837163e-02
1.269701798151342577e-02
1.272054985163587233e-02
1.269654411254269276e-02
1.262545360568280255e-02
1.250832225703676047e-02
1.234676507657201869e-02
1.214293768063766724e-02
1.189949610132054990e-02
1.161954789547166474e-02
1.130659578065281237e-02
1.096447519863839350e-02
1.059728733406867761e-02
1.020932919305168884e-02
9.805022372639209463e-03
9.388842127869029275e-03
8.965248271108453709e-03
8.538619323136263303e-03
8.113191182634408097e-03
7.693001397577016107e-03
7.281839916275210239e-03
6.883206975884847978e-03
6.500278560407418346e-03
6.135879636726436666e-03
5.792465163529346428e-03
5.472108670693494499e-03
5.176498031387678778e-03
4.906937900029823343e-03
4.664358169279422470e-03
4.449327710008181037e-03
4.262072599949719674e-03
4.102498018534855503e-03
3.970212985262381970e-03
3.864557143943101597e-03
3.784628841712604514e-03
3.729313815797156116e-03
3.697313878348220794e-03
3.687175075899681940e-03
3.697314890953136077e-03
3.726048144964878243e-03
3.771611351125500437e-03
3.832185348845403624e-03
3.905916127427580802e-03
3.990933812277731516e-03
4.085369842038117337e-03
4.187372408686997408e-03
4.295120264905487664e-03
4.406835024331662992e-03
4.520792091539423650e-03
4.635330360843442805e-03
4.748860817704026599e-03
4.859874165082766172e-03
4.966947581129455523e-03
5.068750695594562324e-03
5.164050851812363591e-03
5.251717700313894045e-03
5.330727150267658074e-03
5.400164686980736019e-03
5.459228048389898856e-03
5.507229241387982289e-03
5.543595870316093618e-03
5.567871745163301134e-03
5.579716735931680369e-03
5.578905842068830785e-03
5.565327451534035977e-03
5.538980772534203914e-03
5.499972431748476921e-03
5.448512245410132293e-03
5.384908183356505208e-03
5.309560560512601238e-03
5.222955504676798227e-03
5.125657763395792370e-03
5.018302925666177049e-03
4.901589145757247884e-03
4.776268466257498936e-03
4.643137845224161800e-03
4.503029997857311076e-03
4.356804166302020477e-03
4.205336931955401363e-03
4.049513183044691628e-03
3.890217346339928158e-03
3.728324985823002532e-03
3.564694863158949026e-03
3.400161545153511378e-03
3.235528632315066728e-03
3.071562670474481827e-03
2.908987794472502140e-03
2.748481139524282420e-03
2.590669042333020641e-03
2.436124040654610769e-03
2.285362667097286249e-03
2.138844020731993367e-03
1.996969088816337012e-03
1.860080780786795311e-03
1.728464627801669677e-03
1.602350093631773557e-03
1.481912436668211082e-03
1.367275058278420762e-03
1.258512269687559002e-03
1.155652407952502360e-03
