5.096546926976368470e-03
1.726914538573736876e-02
6.007569138944105283e-03
4.230812189000504944e-04
2.494087415624335921e-04
2.673721179826660504e-04
2.867478340651518080e-04
3.068882231636254438e-04
3.277600568729425188e-04
3.493233022148671887e-04
3.715307931375650265e-04
3.943281665355015853e-04
4.176538713169027236e-04
4.414392550345907357e-04
4.656087317218297796e-04
4.900800335782885299e-04
5.147645480506323487e-04
5.395677406626916799e-04
5.643896626894976710e-04
5.891255414580880232e-04
6.136664497183906899e-04
6.379000491839029912e-04
6.617114020198395586e-04
6.849844243632177698e-04
1.831030610162344245e-03
1.432120449650352567e-01
1.936865351097142966e-03
7.703441731391988965e-04
7.891776568368697896e-04
8.067906433504012107e-04
8.230811426588860360e-04
8.379539988251444521e-04
8.513211653624081637e-04
8.631025723664993883e-04
8.732269247984596585e-04
8.816324207909245975e-04
8.882673798572850426e-04
8.930907720715487589e-04
8.960726406388515742e-04
8.971944117680804914e-04
8.964490873622996949e-04
8.938413177302751778e-04
8.893873532621489721e-04
8.831148757718122223e-04
8.750627119549028200e-04
8.652804331120355578e-04
8.538278469103570932e-04
8.407743884730139268e-04
8.261984194683063285e-04
8.101868319181686423e-04
1.273841655316557261e-03
5.110031979034875688e-02
1.197532734984763656e-03
7.337445526011593172e-04
7.120720579236259739e-04
6.896026466232829015e-04
6.664531481759761655e-04
6.441025622489797084e-04
3.636842889528703240e-03
2.937262545096936198e-02
1.749577692463868354e-03
5.447848439737091502e-04
5.197614980661654453e-04
4.950496716681264007e-04
4.898804971040764816e-04
4.868176148743837660e-03
5.314106179456783152e-02
3.320131589437027436e-02
1.441278621101453085e-03
3.555580755347853626e-04
3.320557516127024605e-04
3.110408332730244235e-04
2.907500762395728074e-04
2.752229525134793206e-04
4.026724221837812631e-03
5.350864363197497392e-02
1.148162110607450596e-02
2.368022574918556239e-04
1.856726698634491137e-04
1.710473885629280259e-04
1.572478126222718079e-04
1.444582096561102674e-04
4.430558799524620035e-04
1.848804145156620823e-02
4.077200858356674201e-02
3.474227010499428454e-03
1.013616042815836685e-04
8.233252540522243215e-05
7.447718414546366020e-05
6.750077126582537635e-05
1.744566997186501904e-03
1.828327079120521670e-01
1.720082678887487407e-03
2.482155388993542125e-04
6.640070677801869405e-04
1.608668794692227769e-03
3.297800326491025225e-03
5.616796746671324017e-03
7.906880808522755502e-03
9.184832811573805100e-03
8.799476046748151009e-03
6.952008937337596402e-03
4.530021762362191999e-03
2.436092416149356239e-03
1.083191963641709239e-03
4.006702209074574717e-04
1.260339149804882714e-04
3.684260973810216892e-05
1.525571389935407619e-03
2.463486332156294284e-02
7.740073963881706097e-04
2.549680644417552181e-05
5.921810929683589913e-05
1.345695596308146900e-04
2.836245996717250985e-04
8.764416748543704585e-04
3.676249617408716697e-02
1.810977014330944056e-03
2.142459957385383848e-03
2.767485105274675346e-03
3.233739868694677621e-03
3.418838732400908149e-03
3.272414896223937476e-03
2.839719514825731188e-03
2.241348574953734574e-03
1.621797965942105724e-03
1.958796827386464091e-03
3.277775413826210932e-02
1.083312172663623537e-03
4.375651976441449222e-04
4.564275225848441310e-04
5.412700360975582648e-04
6.714158363897405283e-04
1.386506799191600508e-03
4.538605851561419019e-02
1.698463356428981264e-03
1.454234702020803464e-03
1.681968600512576562e-03
1.906340424593071931e-03
2.117261719992067324e-03
2.304297169228869489e-03
2.457490435502503526e-03
2.568232999953107883e-03
2.630062982524706411e-03
2.639289048565822762e-03
2.595355191572268610e-03
2.500896166892401223e-03
2.361475875564354558e-03
2.185044838861165996e-03
1.981190767227065160e-03
1.771988993220975249e-03
6.315041317329844230e-03
2.486633631088498025e-02
2.493171755832759851e-03
8.971926646301538622e-04
7.211036930241277332e-04
5.743388957065422235e-04
1.141982814366283979e-03
1.452357208731743475e-02
1.844026274594792042e-02
1.857234595547564964e-03
6.123334119043587730e-04
9.431463525971770000e-04
1.452494364805824792e-03
2.108467564234856907e-03
2.829223318973091497e-03
3.482481335707746702e-03
3.920169734929904518e-03
4.030562493462736505e-03
3.782967413592342593e-03
3.240388929300066449e-03
2.532838912619120829e-03
1.806501170118688954e-03
1.175646104745753113e-03
7.020101977436025075e-04
1.140443120253621179e-03
1.027773578392155406e-02
9.168538580635208698e-03
5.908288588093301309e-04
1.534989514785389017e-05
