3.440427078706784817e-44
3.439774545631918490e-44
3.437817688894633855e-44
3.434558734548978471e-44
3.430001387995795932e-44
3.424150826961937453e-44
3.417013691711014767e-44
3.408644121602722799e-44
6.004969217510661219e-43
2.563866286981380623e-37
4.268647207957483103e-32
2.614512543878232743e-27
5.891104338943192319e-23
4.883241667644533671e-19
1.489104715086116018e-15
1.670504992646272528e-12
6.894072324909489146e-10
1.046669118287478898e-07
5.845861266215791070e-06
1.201138654291134569e-04
9.079148229032589978e-04
2.525362312200160001e-03
2.632394161651461888e-03
2.228121585282247154e-03
1.179735077375918678e-02
3.984036705381448912e-02
5.004966723737331452e-02
2.313433820730293605e-02
3.933963928861473371e-03
2.557442378443417928e-04
3.557190147725617551e-04
4.667718323861665304e-03
2.289673361692476025e-02
4.132270076282392596e-02
2.746210578136634023e-02
6.840303792761068431e-03
9.963289888373764482e-04
7.302722435919401477e-04
8.264845333103524195e-04
6.261498192622607858e-04
4.788346279357688965e-04
2.169754460095422999e-03
8.930590302823561769e-03
1.407901455225455539e-02
8.180051678802417736e-03
1.748650187212890403e-03
1.376812361670804515e-04
1.853941616781670980e-05
4.799246098599464598e-04
5.818197690105819490e-03
2.595062012620259762e-02
4.258067460232317636e-02
2.570294299547521907e-02
5.707668487460315111e-03
4.664450276897085012e-04
2.939361106588882545e-05
5.053270759022427923e-04
6.103893340701222435e-03
2.713188073243750012e-02
4.436683263235835506e-02
2.668962485940905988e-02
5.906525803105031405e-03
4.811158010734536690e-04
3.666284127433199912e-05
7.399034571256386458e-04
9.043383724329622647e-03
4.067105793677303766e-02
6.728922540850064415e-02
4.095539386671195187e-02
9.170273453899804514e-03
7.558021842117879389e-04
6.220988653421223862e-05
1.311458847964205735e-03
1.608536015690750082e-02
7.259335718174318719e-02
1.205226077436486604e-01
7.361150153499133875e-02
1.653972755414742646e-02
1.367151374669010053e-03
4.161819594036487893e-05
4.533941039594497079e-06
1.344444172350875194e-04
1.634194573947107126e-03
7.307628389701344152e-03
1.202138935033350738e-02
7.275090337652800367e-03
1.619674093375525611e-03
1.326546258547425773e-04
3.996894458325822893e-06
4.430252506735625900e-08
1.806507619183998264e-10
2.710006956780484034e-13
1.187834541126461687e-14
5.888743376229594426e-12
1.087670289278331939e-09
7.390561285151323099e-08
1.847409182307116300e-06
1.698847092401126389e-05
5.747129757322514749e-05
7.152423679156926428e-05
3.274621691860851751e-05
5.517403225808610737e-06
4.728726263988990179e-07
3.111300289371587699e-06
2.702060250459605866e-05
8.654465213396553866e-05
1.019746000135469277e-04
4.420275181395772927e-05
7.048862427350014917e-06
4.268696671540296789e-07
5.939952283621895935e-07
9.422330486165793388e-06
5.582218509057578219e-05
1.216645663013783013e-04
9.754991874638662406e-05
2.877367289336308674e-05
3.123281432581775904e-06
2.045967181665983295e-07
2.304515788707492540e-06
2.439528537527381274e-05
9.507850765622001272e-05
1.363215471001166053e-04
7.190399432313349277e-05
1.396311880246950994e-05
1.313510527523760884e-06
3.556484060317977384e-06
1.488664486951950472e-05
2.380831978085865650e-05
1.444219010853430551e-05
3.322786496701129734e-06
2.899591840915522328e-07
9.597018983937248628e-09
1.204760975475205889e-10
5.736281845396814538e-13
1.035917392530744429e-15
7.095529681530809864e-19
1.857095627819621561e-22
9.800228480574254387e-22
4.069187415525339103e-19
9.834818989978297863e-17
1.383579717675340531e-14
1.132977121464024258e-12
5.400291843686380701e-11
1.498278193384241271e-09
2.419618096626816874e-08
2.274470596043876944e-07
1.244494457690161827e-06
3.963553679466209313e-06
7.347771787774947500e-06
7.928768020930844994e-06
4.980063737799402627e-06
1.820720274100583735e-06
3.874634067233423378e-07
4.799514349323536829e-08
3.460533307334492679e-09
1.452338700707676507e-10
3.547904523860834209e-12
5.044929197559263435e-14
4.175585341443101933e-16
2.011688551180703194e-18
5.846332121627787052e-20
1.134144873831358120e-16
8.958339507020298760e-14
2.603107204701755470e-11
2.782672582492938508e-09
1.094303231842254986e-07
1.583137997952679992e-06
8.425688165952711125e-06
1.649671642552915729e-05
1.188215338481667086e-05
3.148460997183746309e-06
3.069071449449601761e-07
1.100578941326127698e-08
1.451914078266230244e-10
7.046381489467106543e-13
1.258047114405493249e-15
8.262912957475005921e-19
1.996525989372812881e-22
1.774689076025562799e-26
5.803301074278812716e-31
