3.881001292037017207e-04
4.528413587214165001e-04
5.265521201510214118e-04
6.101401862437417925e-04
7.045484735264069326e-04
8.107465510165109491e-04
9.297203239482065666e-04
1.062459840761005060e-03
1.209945212482867920e-03
1.373130680988215221e-03
1.552926925811474188e-03
1.750181757323827306e-03
1.965659405897211050e-03
2.200018680640646474e-03
2.453790335568284495e-03
2.727354043564415072e-03
3.020915436967379700e-03
3.334483725589291406e-03
3.667850446058350689e-03
4.020569928093750169e-03
4.391942081421820916e-03
4.780998109488480627e-03
5.186489741247019350e-03
5.606882538891971510e-03
6.040353786812713982e-03
6.484795395229382871e-03
6.937822161613019581e-03
7.396785625468289480e-03
7.858793629485291352e-03
8.320735565263061295e-03
8.779313138231480476e-03
9.231076338064438808e-03
9.672464152233521337e-03
1.009984941613435022e-02
1.050958705828390280e-02
1.089806487823117426e-02
1.126175589258836089e-02
1.159727120507710561e-02
1.190141230317624636e-02
1.217122165955423531e-02
1.240403052275648038e-02
1.259750281936282586e-02
1.274967415872433826e-02
1.285898503002410979e-02
1.292430740730936105e-02
1.294496412783906723e-02
1.292074057822970891e-02
1.285188840638147936e-02
1.273912116940719222e-02
1.258360202281475805e-02
1.238692374795357688e-02
1.215108159729271116e-02
1.187843960486797620e-02
1.157169115718806839e-02
1.123381474373810751e-02
1.086802590256569397e-02
1.047772644288784936e-02
1.006645206189696676e-02
9.637819476747631550e-03
9.195474165926481244e-03
8.743039760091128251e-03
8.284070957603034344e-03
7.822231688713453257e-03
7.380621246170024005e-03
7.581187094741963055e-03
1.474104033486394426e-02
4.322151586640401999e-02
6.702128721974121017e-02
4.247828924345928292e-02
1.308981860914983954e-02
5.047781233703101458e-03
4.050898311618783554e-03
4.920072468482059730e-03
1.900872245619024750e-02
7.388163059839010505e-02
1.204423110287911880e-01
7.437473971613610402e-02
1.835231656634823960e-02
3.285146829166461259e-03
1.774517167264538569e-03
1.538452297605008611e-03
1.359555880945103245e-03
1.197651401512759770e-03
1.051374335586257236e-03
9.197658922538008057e-04
8.018446079400885860e-04
6.966202730723202981e-04
6.031078603929389400e-04
5.203395677097545115e-04
4.473749866182263023e-04
3.833094519048472278e-04
3.272806598775275088e-04
2.784736705451179139e-04
2.361244285648255727e-04
1.995219515615017432e-04
1.680093423140579828e-04
1.409837840284288379e-04
1.178956761718158403e-04
9.824706286386050290e-05
8.158949734638847289e-05
6.752147530237301396e-05
5.568555744156202604e-05
4.576528843001530434e-05
3.748200545764727147e-05
3.059161597779285347e-05
2.488141080093339189e-05
2.016696608604437373e-05
1.628917607601379803e-05
1.311144782599861341e-05
1.051707976995593285e-05
8.406837800603945957e-06
6.696735595550939272e-06
5.316020164143165818e-06
4.205358944250911216e-06
3.315221153916319405e-06
2.604443394514549298e-06
2.038967597865170852e-06
1.590738195854723827e-06
1.236744756345015038e-06
9.581961678996088743e-07
7.398126706728647647e-07
5.692225337863513889e-07
4.364508932462380669e-07
3.334891222698497103e-07
2.539340517147269591e-07
1.926873461370966447e-07
1.457063341514855314e-07
1.097985618996206156e-07
8.245326460502391671e-08
6.170381874543727055e-08
4.601603696463914233e-08
3.419789443532965058e-08
2.532692737367104204e-08
1.869212282805797861e-08
1.374762669802059174e-08
1.007603851766971383e-08
7.359442063383291178e-09
5.356645992899892805e-09
3.885384332826367102e-09
2.808458474594374583e-09
2.022995946617513817e-09
1.452161778805490343e-09
1.038790512862775201e-09
7.405151207413703623e-10
5.260570808693469310e-10
3.724129668168615113e-10
2.627300211742482968e-10
1.847088018381231269e-10
1.294072073235020841e-10
9.034878619919505694e-11
6.286069281111808534e-11
4.358419084876540101e-11
3.011423225142187046e-11
2.073516935939341055e-11
1.422775446771662866e-11
9.728774122083109848e-12
6.629379213426122117e-12
4.501741857129085613e-12
3.046360507716067418e-12
2.054352614629505320e-12
1.380580278203301671e-12
9.245732510329682708e-13
6.170409225376041754e-13
4.103737701529132649e-13
2.719807733100933955e-13
1.796345199904141228e-13
1.182318199851327286e-13
7.754823817266954476e-14
5.068768767601149668e-14
3.301611793473985905e-14
2.143100404734811530e-14
1.386283368475659915e-14
8.936233148425906048e-15
5.740503059748888552e-15
3.674839686836640584e-15
2.344335837666209155e-15
1.490370476550169769e-15
9.441948657629862447e-16
5.961039694076693316e-16
3.750380885185081512e-16
