1.611795659673470287e-24
1.611296296260297954e-24
1.609799134099906595e-24
1.607306954555500175e-24
1.603824383664313578e-24
1.599357877828991184e-24
1.593915703872339643e-24
1.587507913541699554e-24
1.580146312572996863e-24
1.571844424447869085e-24
1.562617468899926684e-24
1.553555970983721725e-24
2.285399371151893645e-23
1.556233981430072699e-19
4.180340227057998337e-16
4.131028088363523775e-13
1.501793382007947698e-10
2.008481068605368365e-08
9.881680710439337238e-07
1.788543168375777658e-05
1.190899836487625786e-04
2.918261239889234247e-04
2.731921357351945238e-04
4.284040435227420645e-04
4.160566147976878237e-03
1.856574728999470930e-02
3.055389096030225807e-02
1.849861499901461412e-02
4.122084852485789243e-03
3.522856838948269244e-04
5.128779839096161779e-05
4.617934498770532686e-05
1.301797753355376499e-04
1.251247493154135620e-03
5.025349581344784947e-03
7.437851421291484869e-03
4.049895563406993339e-03
8.112408554918476827e-04
6.148577285837824561e-05
1.439613494647276495e-04
4.368699015893514996e-03
4.932614756701508146e-02
2.048846370105174008e-01
3.130740778837883265e-01
1.759909532635254847e-01
3.639478039643963964e-02
2.768962880238046327e-03
9.032012364895957704e-05
4.003303097757544837e-04
4.577457983281772898e-03
1.929308173266225043e-02
2.991469967709483799e-02
1.706370008604539412e-02
3.580694783926835489e-03
2.764451539428615509e-04
1.026414682932533355e-05
8.010715680739661376e-05
9.758937900907894807e-04
4.378081916424711104e-03
7.225549327597743585e-03
4.386956978323570608e-03
9.798541719201205556e-04
8.053900223894352344e-05
4.795758458075411101e-06
7.836347363561255012e-05
9.557612599934585786e-04
4.289835115835962873e-03
7.083327875959723532e-03
4.302685552668289275e-03
9.614958255303816120e-04
7.904994579909822784e-05
3.075808198902700098e-06
2.324619294134249947e-05
2.893989166756068504e-04
1.326918663279910877e-03
2.238192238363741898e-03
1.388852056825624600e-03
3.170444210826330587e-04
2.662620786828104159e-05
8.945204353348628110e-07
1.596883635563690414e-06
1.288335487716575998e-05
3.846249905470676509e-05
4.224281602115135994e-05
1.706765060200687392e-05
2.536881279788725499e-06
1.387177582745532435e-07
2.790419499187073170e-09
2.064963846444534338e-11
5.621612740852693233e-14
5.630084542363904424e-17
2.074326029283875393e-20
2.928535011236603696e-24
1.106464865733862036e-25
1.042850058895205560e-25
9.835298356076034257e-26
9.270092596476909495e-26
8.731954404759967094e-26
8.219959923728865728e-26
7.733192031195420780e-26
7.270742150298255874e-26
6.831711927497920752e-26
6.415214780031538540e-26
6.020377315054569491e-26
5.646340623102710121e-26
5.292261448875319561e-26
4.957313242673421324e-26
4.640687096120323864e-26
4.341592566052444725e-26
4.059258390692328880e-26
3.792933102406452396e-26
3.541885541508215566e-26
3.305405275692758663e-26
3.082802929786273908e-26
2.873410430559858331e-26
2.676581171398095201e-26
2.491690101627067197e-26
2.318133745297051727e-26
2.155330154183497987e-26
2.002718799717456467e-26
1.859760408485432716e-26
1.725936745850196984e-26
1.600750352140028035e-26
1.483724235736064266e-26
1.374401527257252166e-26
1.272345098901573318e-26
1.177137152852263416e-26
1.088378782500076248e-26
1.005689510068675951e-26
9.287068040614220679e-27
8.570855797752373995e-27
7.904976859522747700e-27
7.286313804637890078e-27
6.711907977439658396e-27
6.178954105155703773e-27
5.684794881748655558e-27
5.226915540312888411e-27
4.802938434284800070e-27
4.410617646081600336e-27
4.047833640175847087e-27
3.712587976054210370e-27
3.402998095002894462e-27
3.117292193213062181e-27
2.853804192310212209e-27
2.610968817084563486e-27
2.387316788936608452e-27
2.181470142354981471e-27
1.992137670612926827e-27
1.818110505805934839e-27
1.658257837355947984e-27
1.511522772177030595e-27
1.376918338832258213e-27
1.253523637211126497e-27
1.140480134519346336e-27
1.036988107696979127e-27
9.423032317645630318e-28
8.557333130381423634e-28
7.766351656507660444e-28
7.044116293677059790e-28
6.385087262829291438e-28
5.784129536327711869e-28
5.236487096566676748e-28
4.737758491716889922e-28
4.283873653048132437e-28
3.871071936418308278e-28
3.495881349018520563e-28
3.155098921291114493e-28
2.845772183065670011e-28
2.565181702363490464e-28
2.310824644979219002e-28
2.080399312837515430e-28
1.871790619220101031e-28
1.683056459243708332e-28
1.512414934422008127e-28
1.358232390745740203e-28
1.219012230446766566e-28
1.093384458456759051e-28
9.800959255138020129e-29
8.780012308953341474e-29
7.860542488498123113e-29
