1.917169447335452536e-08
3.104759018614140233e-08
4.980984336477931826e-08
7.916301666952210274e-08
1.246376855519513412e-07
1.944000162343782505e-07
3.003745261315681876e-07
4.597796880231190081e-07
6.971983403298338717e-07
1.047328179193143372e-06
1.558580052495709357e-06
2.297710555024246213e-06
3.355686692854605334e-06
4.854979191886980402e-06
6.958461374231151290e-06
9.880045612835809896e-06
1.389711204715981190e-05
1.936466772264446574e-05
2.673101320149948631e-05
3.655448591224715505e-05
4.952105594491717865e-05
6.657248923644085473e-05
9.859302667781846548e-05
4.547152762589509495e-04
4.265691702742934431e-03
1.859736038761987745e-02
3.053047356227852130e-02
1.864822265129781331e-02
4.482442623147631262e-03
8.330482470857134046e-04
6.250155193340737160e-04
7.513788854140884300e-04
9.092395393406705944e-04
1.090138501681303315e-03
1.294807306569475567e-03
1.523521142767927808e-03
1.775872218626010262e-03
2.050672698166241745e-03
2.347485351813802332e-03
2.796480872776019918e-03
7.239129881330918365e-03
5.154873632463059796e-02
2.047814615953512107e-01
3.125389656798047699e-01
1.784500693079311417e-01
4.077621237907124579e-02
7.666365581806985907e-03
5.233666089797420901e-03
5.370144543605259203e-03
5.539148682979845237e-03
5.660885093905027032e-03
5.731202790411124050e-03
5.748136765751842188e-03
5.711212121605454238e-03
5.621463166793016185e-03
5.481385276055679261e-03
5.294819615525272333e-03
5.066778162606136102e-03
4.803220143384405449e-03
4.510793795695379298e-03
4.196559042784903971e-03
3.867707136538243561e-03
3.531292618771496392e-03
3.193991178021709544e-03
2.861894359109913057e-03
2.540348886074121626e-03
2.233844888447268466e-03
1.945953876946506563e-03
1.679314167248433963e-03
1.435658815641531992e-03
1.215879155200868655e-03
1.020115778069222807e-03
8.478682983105083424e-04
6.981153875668226223e-04
5.694372911712684143e-04
4.601341636058091942e-04
3.683349548111428573e-04
2.920930822388274526e-04
2.294666041727872678e-04
1.785819605655917250e-04
1.376814925129106481e-04
1.051558467178153602e-04
7.956300268233793709e-05
5.963603842201400679e-05
4.428190415813042398e-05
3.257344332988978828e-05
2.373673238364415282e-05
1.713555114177245636e-05
1.225448606510759680e-05
8.681844598904495485e-06
6.093247153197525337e-06
4.236482935212947095e-06
2.917977973525490651e-06
1.991032907053498302e-06
1.345844076498647557e-06
9.012202417460966830e-07
5.978428072617484041e-07
3.928827493570243618e-07
2.557754119400371196e-07
1.649584267820556443e-07
1.053925955271098962e-07
6.670610379938666069e-08
4.182547968835975033e-08
2.597982174037196207e-08
1.598642240258356695e-08
9.745099592381324995e-09
5.884928091234429583e-09
3.520593800899283579e-09
2.086462387471980069e-09
1.224968951556686535e-09
7.124583533549037679e-10
4.105005707608433483e-10
2.343084378465228214e-10
1.324896560352090797e-10
7.421571868484478819e-11
4.118411168495889556e-11
2.264036318517194590e-11
1.232982624376483294e-11
6.651971874369317849e-12
3.555197508666150556e-12
1.882335107418763026e-12
9.873020357839667739e-13
5.130066602116582953e-13
2.640680480252225491e-13
1.346568924082518843e-13
6.802384882747108840e-14
3.404189242206185148e-14
1.687664323648586276e-14
8.288545488728746094e-15
4.032649359915705361e-15
1.943669763712056708e-15
9.280564139585704768e-16
4.389814363698381514e-16
2.057016686027492414e-16
9.548812261012866030e-17
4.391175308063196668e-17
2.000470159077580939e-17
9.028243416888590769e-18
4.036401167588417021e-18
1.787743744762407661e-18
7.843973032834054402e-19
3.409469403613117543e-19
1.468105899239473463e-19
6.262501614858822680e-20
2.646416518739234098e-20
1.107869043546460066e-20
4.594502971312939200e-21
1.887593733479586184e-21
7.682426214866822355e-22
3.097477422596604791e-22
1.237193933965727156e-22
4.895389986834056125e-23
1.918919204101981872e-23
7.451538745211166357e-24
2.866520945584158936e-24
1.092406198670493592e-24
4.124136897121644640e-25
1.542417239678038664e-25
5.714662008735710666e-26
2.097486183343294307e-26
7.626539937546722219e-27
2.747108861061948467e-27
9.802662975416482770e-28
3.465230704407522212e-28
1.213500940115541081e-28
4.209862981852031350e-29
1.446823938754182511e-29
4.925873916746228401e-30
1.661386884490338354e-30
5.551088416691371522e-31
1.837407109986668476e-31
6.024937154323928762e-32
1.957129353055303479e-32
6.298054590057205223e-33
2.007766444153732566e-33
6.340738507997534918e-34
1.983747423483993719e-34
6.148267985566759106e-35
1.887726545075832623e-35
5.741762937375649439e-36
