Index	Centroid Mass	Lower Bound	Upper Bound	Charge (z)	Height	Relative Intensity	Area	S/N Ratio	Resolution	Isotope Cluster Area
1	1000.611389	1000.22	1001.10	1	84	0.77	1244.03	19.92	4901.05	2399.45
2	1001.598267	1001.27	1002.07	1	120	1.10	1665.20	20.66	5392.77	1670.77
3	1005.573242	1005.24	1006.10	1	162	1.48	2260.38	36.19	5780.81	3812.25
4	1007.568726	1007.16	1008.07	1	157	1.44	1734.28	31.78	8504.90	2355.45
5	1009.572144	1009.18	1009.82	1	116	1.06	1330.82	22.44	6734.87	1997.14
6	1011.606812	1011.14	1012.09	1	70	0.65	1219.63	13.98	4122.93	1621.72
7	1012.628113	1012.22	1013.07	1	73	0.67	1115.42	11.27	4863.94	908.00
8	1013.597351	1013.17	1014.05	1	144	1.32	2374.72	30.54	4131.04	3595.94
9	1014.599304	1014.18	1015.13	1	127	1.17	1895.67	16.19	4384.91	1051.92
10	1015.596191	1015.28	1016.10	1	205	1.88	2380.10	39.98	6033.19	3054.50
11	1017.604614	1017.20	1017.67	1	95	0.87	906.05	10.33	7834.79	786.54
12	1017.751648	1017.67	1018.06	1	149	1.37	1091.89	28.21	13884.13	2059.88
13	1019.587891	1019.22	1019.69	1	74	0.67	834.62	10.98	6716.90	1155.48
14	1019.774536	1019.69	1020.22	1	103	0.95	876.24	15.95	9450.22	1074.29
15	1021.583862	1021.20	1022.08	1	92	0.85	1486.14	19.59	4701.58	2284.92
16	1023.559509	1023.10	1024.14	1	159	1.45	1716.77	35.43	7339.17	2876.67
17	1025.617920	1025.16	1026.08	1	61	0.56	1139.78	12.15	3915.13	1548.85
18	1027.592285	1027.08	1028.10	1	157	1.44	2238.25	35.99	4791.14	3976.01
19	1029.609863	1029.13	1030.12	1	219	2.01	2688.00	45.23	6125.32	3833.81
20	1031.623779	1031.26	1032.18	1	83	0.77	1419.70	15.47	3990.11	1635.51
21	1033.654419	1033.22	1034.11	1	83	0.77	1376.62	16.82	3451.98	1876.97
22	1034.659302	1034.11	1035.07	1	79	0.72	1321.55	12.25	4120.53	1096.32
23	1035.618164	1035.27	1036.13	1	969	8.89	6624.63	222.12	12313.18	11643.19
24	1037.608521	1037.15	1038.11	1	333	3.06	3138.51	56.56	8726.99	3032.89
25	1039.627808	1039.16	1040.10	1	86	0.79	1200.88	16.20	5263.68	1475.62
26	1041.679077	1041.28	1042.19	1	104	0.96	1385.57	21.44	5984.18	1956.83
27	1042.489746	1042.36	1042.58	1	124	1.14	789.13	19.35	12412.90	1352.29
28	1042.687378	1042.58	1043.18	1	159	1.46	1654.84	21.78	8707.13	1744.47
29	1043.639404	1043.54	1044.14	1	135	1.24	1824.77	15.10	5346.78	1940.29
30	1044.604858	1044.14	1045.07	1	82	0.75	1522.80	12.32	3300.19	1147.21
31	1045.649048	1045.19	1046.15	1	73	0.67	1418.02	12.56	2917.56	1440.15
32	1047.801636	1047.70	1048.10	1	201	1.84	1393.51	40.60	11414.35	2312.01
33	1049.587402	1049.16	1050.13	1	151	1.38	2392.97	33.79	4537.32	4106.77
34	1051.587646	1051.23	1052.09	1	140	1.28	1505.10	27.13	8631.87	1910.62
35	1053.617676	1053.25	1054.16	1	77	0.70	1153.15	14.89	5318.08	1487.33
36	1055.637329	1055.13	1056.09	1	73	0.67	1140.22	14.99	5016.11	1611.77
37	1056.705566	1056.21	1057.20	1	231	2.12	2404.96	48.98	7694.70	3615.91
38	1057.703491	1057.20	1058.08	1	207	1.90	2240.91	29.90	7681.48	1579.03
39	1058.694336	1058.18	1059.12	1	110	1.01	1514.96	14.74	6744.03	910.35
40	1059.223755	1059.12	1059.37	1	197	1.81	991.53	47.68	14986.46	2056.77
41	1059.645630	1059.37	1060.12	1	81	0.75	1368.10	13.54	4139.54	1474.17
42	1060.224365	1060.12	1060.39	1	212	1.94	1057.48	29.79	15104.97	724.96
43	1061.223145	1061.12	1061.40	1	206	1.89	1065.45	36.08	15066.79	1109.33
44	1061.657349	1061.40	1062.11	1	67	0.61	1031.31	11.41	4037.65	1140.66
45	1065.594238	1065.33	1066.11	1	85	0.78	1233.08	18.70	5186.78	2080.09
46	1067.589722	1067.12	1068.14	1	163	1.50	1853.46	34.04	6880.96	2674.21
47	1069.646973	1069.25	1070.09	1	72	0.66	1091.60	14.19	4486.71	1426.45
48	1070.716797	1070.19	1071.13	1	220	2.02	2262.74	48.38	7445.94	3667.27
49	1072.703247	1072.30	1073.06	1	86	0.79	1086.66	11.66	5994.26	673.28
50	1075.523315	1075.36	1075.69	1	74	0.68	725.18	10.99	6560.45	1078.17
51	1075.792114	1075.69	1076.09	1	128	1.18	856.36	25.62	14423.71	1618.10
52	1077.808472	1077.71	1078.08	1	99	0.90	680.64	15.16	12613.44	777.39
53	1079.644775	1079.37	1080.16	1	831	7.62	5397.52	201.76	13006.54	10662.96
54	1081.649414	1081.13	1082.13	1	332	3.05	3168.56	56.94	7932.74	3133.19
55	1083.648682	1083.30	1084.16	1	121	1.11	1550.37	24.36	5701.51	2134.82
56	1084.704590	1084.30	1085.19	1	159	1.46	1853.02	28.71	6567.55	2047.19
57	1085.538208	1085.40	1085.63	1	160	1.46	1049.04	22.52	10805.26	1590.54
58	1085.714600	1085.63	1086.10	1	188	1.72	1578.51	20.31	10223.19	1169.10
59	1086.710571	1086.61	1087.15	1	113	1.04	1095.58	11.11	8592.99	682.94
60	1087.657715	1087.15	1088.17	1	71	0.65	1138.15	12.19	3993.77	1118.40
61	1089.513428	1089.39	1090.10	1	321	2.94	2736.23	72.77	10991.74	4775.56
62	1093.627319	1093.27	1094.10	1	103	0.94	1223.96	21.06	6510.90	1777.64
63	1094.720947	1094.34	1095.12	1	232	2.13	2353.84	47.06	7320.78	3269.06
64	1095.685181	1095.26	1096.07	1	163	1.49	2196.93	24.30	4734.10	1666.99
65	1097.643799	1097.40	1098.16	1	191	1.75	2077.48	41.90	6864.04	3406.94
66	1098.661865	1098.39	1099.24	1	241	2.21	3153.83	45.87	5181.48	3866.96
67	1100.679199	1100.24	1101.16	1	92	0.85	1259.65	11.71	5227.11	680.22
68	1101.700439	1101.33	1102.09	1	125	1.15	1447.98	24.94	6910.51	1945.12
69	1102.703613	1102.30	1103.06	1	100	0.91	1130.51	12.79	6938.06	635.72
70	1103.711792	1103.34	1104.24	1	66	0.61	998.07	10.99	4355.30	967.08
71	1105.844727	1105.74	1106.20	1	198	1.81	1290.93	44.11	12375.79	2484.02
72	1108.744629	1108.34	1109.23	1	177	1.62	1818.58	37.98	7543.88	2846.24
73	1109.690918	1109.23	1110.17	1	129	1.18	1972.69	20.68	3980.12	1712.31
74	1111.623291	1111.35	1112.17	1	342	3.14	3387.14	80.84	7652.45	6376.39
75	1113.676758	1113.26	1114.15	1	122	1.12	1776.67	18.03	4448.19	1318.65
76	1115.566284	1115.41	1116.12	1	322	2.96	3173.03	76.88	7241.46	6144.13
77	1120.579834	1120.37	1121.08	1	112	1.03	1289.85	22.09	6410.47	1681.26
78	1122.708984	1122.36	1123.12	1	63	0.58	1023.19	15.04	3419.05	2046.22
79	1123.672729	1123.25	1124.23	1	711	6.53	4845.50	159.19	12541.04	8104.97
80	1125.661743	1125.21	1126.19	1	391	3.59	3377.78	80.23	9555.88	4757.12
81	1127.615967	1127.40	1128.22	1	162	1.49	2305.22	30.41	4432.55	2744.99
82	1129.681396	1129.26	1130.26	1	131	1.21	2003.28	25.22	4124.04	2446.42
83	1130.699829	1130.26	1131.29	1	112	1.03	1645.59	15.75	5224.31	1074.91
84	1133.241943	1133.13	1133.38	1	113	1.04	502.99	28.57	17002.78	1120.18
85	1133.834106	1133.74	1134.14	1	106	0.98	714.63	21.58	14981.24	1497.96
86	1134.242798	1134.14	1134.40	1	128	1.18	585.94	18.52	16894.03	421.53
87	1135.241943	1135.14	1135.42	1	126	1.15	619.64	21.89	15682.80	645.23
88	1135.852417	1135.75	1136.14	1	103	0.95	722.38	16.54	13504.94	822.55
89	1137.649414	1137.38	1138.09	1	83	0.76	1100.60	18.24	6614.35	1896.32
90	1139.647217	1139.40	1140.17	1	132	1.21	1521.50	28.54	6372.69	2446.73
91	1141.555542	1141.43	1142.11	1	2321	21.30	16300.23	545.05	11267.02	30044.14
92	1145.722168	1145.63	1146.19	1	102	0.94	1003.96	17.33	7484.65	2239.79
93	1147.683472	1147.31	1148.28	1	164	1.50	1817.34	35.66	7026.77	2871.55
94	1152.574829	1152.35	1153.16	1	99	0.91	1188.98	23.91	7535.43	2374.92
95	1153.619629	1153.34	1154.01	1	100	0.91	1302.33	13.62	5790.72	865.21
96	1155.614502	1155.40	1156.27	1	302	2.77	2903.05	70.46	8905.73	5262.47
97	1157.543457	1157.40	1158.24	1	496	4.55	4112.92	105.42	9775.87	6269.97
98	1161.682617	1161.29	1162.22	1	236	2.17	2152.61	53.21	9176.96	3643.78
99	1163.884888	1163.78	1164.16	1	197	1.81	1314.27	43.78	13114.92	2603.32
100	1167.696045	1167.37	1168.29	1	553	5.08	3634.22	134.26	13645.89	7150.33
101	1169.684937	1169.27	1170.24	1	250	2.29	2270.00	40.86	9562.93	2034.15
102	1171.566772	1171.44	1171.98	1	4534	41.60	31038.15	1055.08	11591.15	56435.89
103	1175.708496	1175.42	1176.28	1	110	1.01	1407.92	22.89	6730.54	2064.22
104	1181.685669	1181.44	1182.32	1	62	0.57	876.87	15.94	6393.90	1869.45
105	1183.677734	1183.34	1184.23	1	75	0.69	941.42	15.11	7430.41	1233.88
106	1185.614014	1185.35	1186.03	1	97	0.89	1285.53	18.38	4665.01	1603.19
107	1187.530273	1187.42	1188.28	1	408	3.74	2908.66	82.83	14739.77	3972.90
108	1189.767090	1189.65	1190.28	1	75	0.69	726.52	11.08	9996.48	812.57
109	1191.847412	1191.43	1192.27	1	86	0.79	1058.03	19.03	6770.88	1686.62
110	1193.892578	1193.80	1194.13	1	98	0.90	619.63	14.63	13833.62	572.56
111	1197.665283	1197.34	1198.17	1	61	0.56	813.25	15.50	6253.20	1800.01
112	1199.647705	1199.31	1200.21	1	311	2.86	2513.16	73.55	10847.15	4658.85
113	1201.661255	1201.22	1202.18	1	325	2.98	3197.98	72.13	7660.71	5292.46
114	1211.723389	1211.45	1212.20	1	395	3.63	2560.18	98.36	14080.05	5355.26
115	1213.708984	1213.39	1214.28	1	198	1.81	1737.96	36.83	9433.31	2014.65
116	1215.704956	1215.35	1216.30	1	55	0.51	836.83	11.01	4602.15	1087.19
117	1217.804688	1217.32	1218.32	1	84	0.77	887.18	17.72	11440.66	1292.46
118	1221.930298	1221.80	1222.31	1	191	1.75	1274.30	44.35	13454.37	2604.47
119	1223.610596	1223.48	1223.83	1	147	1.35	1183.47	33.15	11187.30	2427.86
120	1225.691528	1225.35	1226.10	1	55	0.51	891.81	10.31	4674.52	1129.43
121	1227.715454	1227.36	1228.31	1	60	0.55	736.26	11.74	7240.78	933.75
122	1233.794800	1233.35	1234.30	1	63	0.58	721.30	14.16	10334.61	1164.36
123	1240.730591	1240.46	1241.32	1	49	0.45	776.04	10.97	5250.03	1247.78
124	1241.688721	1241.32	1242.09	1	93	0.85	1092.78	17.17	6429.78	1288.23
125	1243.672241	1243.38	1244.06	1	394	3.62	2737.28	91.73	12289.70	4985.95
126	1247.568604	1247.43	1248.11	1	108	0.99	895.28	23.61	13942.81	1453.42
127	1249.921021	1249.84	1250.34	1	62	0.57	424.36	14.21	15237.13	955.27
128	1251.937744	1251.83	1252.39	1	91	0.83	622.30	17.46	14863.59	847.30
129	1254.727051	1254.39	1255.08	1	114	1.05	1150.58	32.58	7580.18	2762.31
130	1255.745972	1255.38	1256.08	1	330	3.03	2519.11	70.37	12074.03	3410.06
131	1257.728882	1257.36	1258.04	1	178	1.63	1574.68	36.13	9593.40	1970.89
132	1259.704346	1259.36	1260.04	1	58	0.54	897.34	11.20	4631.73	1042.60
133	1261.830933	1261.70	1262.36	1	65	0.59	577.32	12.93	14257.82	928.10
134	1268.732300	1268.40	1269.05	1	115	1.05	1091.71	32.86	8763.45	2620.06
135	1271.718628	1271.32	1272.02	1	60	0.55	661.44	12.89	7249.77	896.71
136	1279.974487	1279.84	1280.35	1	173	1.59	1155.59	43.74	13123.34	2294.10
137	1282.750732	1282.43	1282.92	1	52	0.48	531.69	12.11	9035.51	1175.39
138	1285.704712	1285.38	1286.04	1	67	0.62	670.93	15.85	8583.94	1073.54
139	1286.728149	1286.39	1287.05	1	72	0.66	716.24	12.29	8241.50	606.65
140	1287.698242	1287.45	1288.06	1	509	4.67	3444.58	132.65	12770.97	6488.03
141	1289.654663	1289.49	1290.10	1	357	3.27	3033.65	78.30	8745.74	4069.06
142	1293.612793	1293.48	1294.31	1	209	1.92	1654.81	55.80	13164.32	3175.70
143	1299.773926	1299.45	1300.41	1	150	1.37	1232.46	40.76	14427.84	2409.40
144	1301.747437	1301.48	1302.33	1	163	1.50	1556.11	40.75	9633.17	2573.80
145	1303.690186	1303.42	1304.09	1	71	0.65	841.56	13.44	6662.40	833.77
146	1304.730469	1304.45	1305.11	1	70	0.64	794.24	11.70	6799.21	610.22
147	1305.849854	1305.78	1306.47	1	60	0.55	500.47	10.53	14187.70	836.59
148	1307.962158	1307.45	1308.37	1	49	0.45	682.46	13.69	7730.75	1335.66
149	1309.983154	1309.87	1310.31	1	81	0.74	545.24	15.88	15072.17	631.74
150	1313.143921	1313.05	1313.39	1	124	1.14	574.66	37.33	18018.89	1379.54
151	1313.702759	1313.39	1314.03	1	50	0.46	728.79	12.66	5239.46	1342.01
152	1314.143677	1314.03	1314.47	1	167	1.54	774.07	30.35	17972.40	676.67
153	1315.143799	1315.03	1315.43	1	188	1.72	863.04	38.52	17837.18	956.65
154	1315.650146	1315.43	1316.03	1	189	1.74	1551.72	49.11	10383.24	2737.09
155	1318.752075	1318.42	1319.04	1	70	0.64	747.95	14.68	9225.63	924.07
156	1319.715942	1319.41	1320.08	1	61	0.56	803.47	10.49	5666.20	646.16
157	1326.673706	1326.38	1326.90	1	46	0.42	458.51	12.41	9344.89	1100.67
158	1329.703003	1329.38	1330.02	1	72	0.66	828.44	19.52	6842.29	1597.99
159	1331.713989	1331.49	1332.04	1	616	5.65	4899.97	171.47	11593.41	9599.55
160	1334.673340	1334.50	1335.06	1	108	0.99	1023.91	21.27	7894.33	1029.16
161	1338.017822	1337.90	1338.40	1	154	1.41	987.95	45.77	13582.46	2254.67
162	1343.797607	1343.72	1344.36	1	88	0.81	679.91	18.94	14916.52	1078.20
163	1345.658813	1345.51	1346.09	1	4642	42.59	32756.52	1336.93	12180.81	66147.78
164	1359.669922	1359.50	1360.10	1	113	1.04	1037.78	36.23	9220.54	2553.85
165	1361.634766	1361.50	1362.22	1	644	5.90	4396.34	177.57	13030.97	7783.91
166	1368.025269	1367.91	1368.44	1	72	0.66	498.16	18.69	14203.88	845.93
167	1373.108521	1373.01	1373.36	1	42	0.38	208.79	13.15	18654.24	519.52
168	1373.747559	1373.52	1374.01	1	60	0.55	605.36	14.94	8448.75	884.57
169	1374.110107	1374.01	1374.44	1	62	0.57	324.14	13.17	18698.85	348.97
170	1375.717651	1375.53	1376.04	1	863	7.92	8009.24	248.66	8026.98	15217.20
171	1387.817505	1387.49	1388.48	1	49	0.45	629.51	13.34	8120.71	976.98
172	1389.747437	1389.51	1390.32	1	125	1.15	1411.71	37.53	5957.52	2747.55
173	1391.712891	1391.49	1392.45	1	67	0.61	897.67	12.13	5801.99	643.79
174	1396.059814	1395.92	1396.37	1	132	1.21	859.56	42.09	13879.27	2057.98
175	1416.697754	1416.56	1417.42	1	230	2.11	1660.35	79.81	12967.14	4055.01
176	1419.774536	1419.40	1420.36	1	597	5.48	3872.36	186.61	13945.79	7588.84
177	1426.067993	1425.95	1426.47	1	64	0.59	427.85	18.83	14919.99	773.78
178	1433.808960	1433.40	1434.47	1	99	0.91	952.98	31.93	10956.87	1898.12
179	1450.700562	1450.55	1451.07	1	67	0.61	552.48	22.91	12040.67	1276.76
180	1454.106079	1453.97	1454.48	1	108	0.99	699.36	38.69	14580.22	1793.87
181	1461.791992	1461.50	1462.25	1	44	0.41	457.19	14.12	10004.18	830.02
182	1463.800537	1463.45	1464.42	1	567	5.20	3787.57	190.17	14124.21	7648.44
183	1477.836914	1477.44	1478.42	1	80	0.73	711.70	27.63	11410.41	1461.64
184	1479.810791	1479.46	1480.40	1	43	0.40	504.72	10.61	7980.65	509.64
185	1484.117310	1483.98	1484.45	1	58	0.54	374.85	18.00	15370.28	716.86
186	1497.716675	1497.56	1498.03	1	101	0.93	833.01	34.85	13801.23	1868.67
187	1500.753540	1500.61	1501.06	1	194	1.78	1346.44	67.31	14002.47	2907.62
188	1505.815796	1505.57	1506.42	1	42	0.38	463.09	14.14	7777.83	934.61
189	1507.828125	1507.55	1508.44	1	496	4.55	3330.19	170.43	14149.06	6549.82
190	1512.147949	1512.01	1512.50	1	91	0.83	610.58	34.61	14354.02	1578.57
191	1519.747925	1519.60	1520.47	1	285	2.61	1991.96	107.34	14409.46	4658.97
192	1523.771362	1523.60	1524.35	1	158	1.45	1449.53	56.07	8948.20	2944.72
193	1535.774170	1535.57	1536.55	1	44	0.40	507.11	13.01	7448.82	698.20
194	1537.795654	1537.50	1538.38	1	31	0.28	407.84	10.04	7105.26	671.51
195	1538.745239	1538.59	1539.42	1	220	2.02	1614.63	74.05	13642.21	2907.23
196	1542.153809	1542.03	1542.53	1	46	0.42	306.61	14.84	14862.73	597.32
197	1547.778076	1547.52	1548.38	1	26	0.24	344.76	10.74	8040.20	906.82
198	1549.812378	1549.55	1550.32	1	60	0.55	687.30	21.00	7213.67	1342.40
199	1551.855957	1551.51	1552.52	1	413	3.79	2867.11	150.56	14156.80	5890.12
200	1563.753906	1563.55	1564.37	1	44	0.41	457.12	18.49	12039.73	1243.34
201	1565.795654	1565.61	1566.43	1	230	2.11	2174.74	85.16	7662.48	4553.25
202	1570.189697	1570.05	1570.59	1	75	0.68	501.42	29.84	15386.36	1341.19
203	1576.787231	1576.56	1577.42	1	25	0.23	305.70	11.65	9387.38	907.01
204	1579.772583	1579.62	1580.42	1	2666	24.46	19200.13	1028.56	13165.31	42268.51
205	1590.789551	1590.64	1591.40	1	426	3.91	3021.49	173.28	13775.63	7294.21
206	1593.792603	1593.39	1594.41	1	133	1.22	1229.21	38.55	9743.54	1533.16
207	1595.831421	1595.60	1596.49	1	367	3.36	3550.49	123.93	7043.67	5890.28
208	1597.882690	1597.79	1598.10	1	103	0.94	560.82	20.89	17044.08	711.77
209	1600.196777	1600.08	1600.55	1	37	0.34	229.61	11.96	15242.80	392.29
210	1606.775879	1606.57	1607.31	1	38	0.35	347.70	12.91	11773.44	577.54
211	1609.867065	1609.53	1610.42	1	60	0.55	673.57	23.59	6630.48	1510.88
212	1620.805908	1620.52	1621.53	1	45	0.41	385.21	16.17	11791.87	718.82
213	1628.233765	1628.08	1628.60	1	51	0.47	344.96	21.70	14953.46	949.21
214	1639.909546	1639.64	1640.56	1	232	2.12	1559.03	95.60	14507.71	3567.67
215	1653.942749	1653.54	1654.30	1	42	0.38	367.79	11.38	12662.71	373.31
216	1654.800781	1654.62	1655.53	1	144	1.32	1275.46	63.84	12391.34	3310.63
217	1658.238892	1658.12	1658.60	1	27	0.25	183.82	10.38	15194.96	440.05
218	1661.833862	1661.61	1662.19	1	88	0.81	715.93	36.75	11848.34	1756.23
219	1683.938477	1683.51	1684.55	1	155	1.43	1090.67	65.19	14354.66	2405.13
220	1686.275635	1686.15	1686.63	1	46	0.43	301.48	19.50	15180.19	808.18
221	1697.968750	1697.47	1698.36	1	37	0.34	386.58	10.71	10145.70	432.83
222	1701.828369	1701.63	1702.18	1	66	0.60	567.20	25.49	12186.52	1220.74
223	1710.871826	1710.49	1711.37	1	28	0.25	294.51	12.68	7250.63	891.17
224	1727.902222	1727.67	1728.58	1	237	2.17	2654.03	108.47	7457.84	6490.13
225	1742.853271	1742.68	1743.52	1	255	2.34	2013.11	113.33	13741.53	4498.54
226	1751.858154	1751.65	1752.54	1	36	0.33	357.69	17.33	10078.11	1002.14
227	1753.874390	1753.56	1754.39	1	41	0.37	392.46	12.83	8996.71	482.24
228	1767.850220	1767.67	1768.48	1	76	0.70	608.85	35.87	13397.07	1655.12
229	1769.868652	1769.68	1770.51	1	346	3.17	2737.93	161.00	12328.88	6804.85
230	1779.936646	1779.60	1780.49	1	27	0.25	331.28	13.52	7003.48	1013.57
231	1783.879883	1783.70	1784.55	1	5175	47.48	42245.79	2446.61	12067.34	106089.64
232	1797.871338	1797.68	1798.36	1	146	1.34	1086.07	71.57	13280.58	3092.82
233	1799.849121	1799.69	1800.52	1	494	4.53	3251.00	204.31	15029.93	6253.48
234	1813.891968	1813.60	1814.55	1	67	0.61	618.80	28.64	11031.48	1349.50
235	1815.987183	1815.70	1816.63	1	52	0.48	570.64	14.69	7371.94	553.93
236	1821.941650	1821.73	1822.64	1	28	0.26	319.13	13.47	8356.86	896.24
237	1824.904907	1824.64	1825.41	1	60	0.55	480.53	27.52	13945.54	1264.59
238	1835.925781	1835.73	1836.57	1	329	3.02	2612.12	155.22	12575.17	6667.85
239	1848.956543	1848.70	1849.27	1	38	0.35	335.25	18.92	9958.35	1105.90
240	1851.916748	1851.67	1852.54	1	37	0.34	341.46	12.37	12156.17	482.54
241	1858.901611	1858.72	1859.41	1	151	1.38	1152.83	78.46	13756.21	3675.76
242	1889.903320	1889.63	1890.28	1	35	0.32	285.34	16.62	13509.68	961.03
243	1891.915405	1891.73	1892.29	1	46	0.43	368.42	13.37	13430.30	440.15
244	1892.942871	1892.66	1893.72	1	45	0.42	455.26	13.31	10372.57	523.80
245	1905.941162	1905.74	1906.32	1	63	0.57	549.30	30.58	10643.13	1891.57
246	1914.948853	1914.70	1915.61	1	37	0.34	357.17	15.53	9972.83	992.12
247	1931.962891	1931.76	1932.67	1	191	1.75	1619.91	97.62	12794.37	4956.36
248	1945.980469	1945.67	1946.63	1	43	0.39	419.76	18.32	10501.63	1017.73
249	1946.961792	1946.75	1947.67	1	347	3.18	2798.81	157.59	12946.03	6609.87
250	1953.943359	1953.72	1954.54	1	29	0.27	332.24	13.47	8982.44	978.37
251	1955.957886	1955.58	1956.52	1	51	0.47	474.45	18.07	11833.98	797.05
252	1957.967529	1957.60	1958.61	1	39	0.36	376.51	12.86	10822.99	531.10
253	1962.987671	1962.77	1963.41	1	35	0.32	344.75	11.93	8064.59	583.44
254	1971.956421	1971.75	1972.57	1	76	0.69	583.57	38.32	13112.23	2007.03
255	1973.979248	1973.75	1974.70	1	394	3.62	3468.16	177.43	11091.11	8175.33
256	1985.996582	1985.79	1986.52	1	24	0.22	233.59	11.27	8770.50	934.43
257	1987.988159	1987.75	1988.70	1	5127	47.04	47028.63	2562.46	11071.11	132188.70
258	2001.977783	2001.70	2002.66	1	138	1.27	1164.68	78.11	11614.87	3976.09
259	2003.962769	2003.75	2004.65	1	495	4.54	3549.23	226.45	13445.10	7553.44
260	2010.018066	2009.79	2010.70	1	120	1.10	1021.85	62.35	11786.73	2925.50
261	2017.992188	2017.71	2018.78	1	70	0.64	622.50	32.97	11741.05	1526.82
262	2021.992432	2021.72	2022.41	1	28	0.25	234.73	11.88	12090.63	609.09
263	2029.014893	2028.73	2029.63	1	35	0.32	335.03	17.99	10772.32	1084.75
264	2040.034790	2039.77	2040.66	1	29	0.27	269.56	11.26	10908.59	503.35
265	2063.011963	2062.68	2063.69	1	214	1.96	1822.15	118.95	12193.50	5578.55
266	2081.064941	2080.81	2081.78	1	106	0.98	1008.34	56.40	10307.18	2882.61
267	2097.067871	2096.82	2097.79	1	39	0.36	429.60	13.30	8947.49	577.57
268	2109.079346	2108.80	2109.46	1	27	0.25	218.07	10.39	8797.14	735.62
269	2110.058594	2109.83	2110.51	1	44	0.40	378.64	11.16	11066.33	401.34
270	2119.050781	2118.77	2119.75	1	64	0.59	584.68	31.35	10610.80	2031.91
271	2136.076416	2135.82	2136.75	1	232	2.13	2196.69	135.82	10775.08	7106.07
272	2150.089844	2149.84	2150.50	1	60	0.55	514.19	28.20	10422.21	1321.55
273	2151.075195	2150.83	2151.84	1	553	5.07	5059.83	305.34	11412.96	13923.94
274	2158.045654	2157.80	2158.52	1	23	0.22	200.90	11.61	10326.35	717.20
275	2160.070313	2159.75	2160.74	1	50	0.45	454.68	22.69	10348.13	1061.39
276	2167.065674	2166.77	2167.51	1	41	0.37	331.02	16.87	11557.68	662.16
277	2168.076172	2167.83	2168.82	1	40	0.36	401.66	10.15	9989.25	289.75
278	2176.066895	2175.83	2176.55	1	88	0.80	741.99	50.36	10923.00	2928.81
279	2178.089355	2177.72	2178.83	1	378	3.47	3754.58	196.32	10278.17	9332.22
280	2190.093262	2189.83	2190.48	1	29	0.27	235.53	13.90	10769.05	988.88
281	2192.101074	2191.42	2192.82	1	6479	59.44	70869.60	3906.20	9531.68	221675.56
282	2206.091309	2205.70	2206.84	1	119	1.09	1113.57	76.15	11087.30	4333.29
283	2208.076416	2207.69	2208.84	1	616	5.65	4985.64	330.39	12059.04	12409.67
284	2222.101563	2221.74	2222.75	1	88	0.80	816.77	50.49	10887.23	2561.63
285	2239.113525	2238.83	2239.56	1	31	0.28	254.67	12.63	11076.58	518.10
286	2241.139893	2240.87	2241.85	1	36	0.33	380.33	15.16	9693.46	739.45
287	2244.142090	2243.84	2244.87	1	40	0.37	390.65	17.74	10541.29	819.54
288	2255.158203	2254.85	2255.91	1	92	0.84	969.68	53.69	9321.02	3150.31
289	2267.123047	2266.87	2267.88	1	318	2.91	3318.63	201.77	10137.70	11204.68
290	2284.125732	2283.85	2284.87	1	30	0.28	255.84	10.19	10583.46	345.49
291	2285.157471	2284.87	2285.58	1	44	0.41	388.92	18.94	9750.00	761.70
292	2286.166748	2285.83	2286.87	1	49	0.44	496.75	11.68	9243.97	285.09
293	2313.189941	2312.94	2313.81	1	30	0.28	271.58	11.27	9066.82	458.05
294	2314.215332	2313.93	2314.70	1	37	0.34	410.92	13.11	7859.89	558.15
295	2323.177246	2322.91	2323.78	1	22	0.20	167.00	10.20	8627.14	731.01
296	2326.205566	2325.94	2326.93	1	52	0.47	528.79	32.16	8733.40	1834.18
297	2340.198975	2339.92	2340.92	1	342	3.14	3833.74	246.02	9425.23	13398.21
298	2352.195801	2351.83	2352.84	1	21	0.19	189.51	10.39	8904.43	516.03
299	2353.195313	2352.84	2353.79	1	31	0.29	290.18	12.19	10511.11	420.22
300	2354.204834	2353.92	2354.93	1	99	0.91	1014.08	70.56	9710.80	3644.20
301	2355.204102	2354.93	2355.91	1	201	1.84	2079.92	92.70	9874.02	2943.54
302	2362.161865	2361.87	2362.85	1	30	0.27	275.07	17.89	10493.94	893.78
303	2364.188721	2363.91	2364.89	1	64	0.59	628.70	37.80	10129.41	1688.81
304	2368.195313	2367.91	2368.92	1	30	0.27	275.56	12.00	9426.75	412.45
305	2380.191650	2379.79	2380.88	1	103	0.94	1114.35	82.49	9027.10	4884.30
306	2382.198730	2381.89	2382.91	1	347	3.19	3731.39	212.55	9391.23	8449.93
307	2394.220459	2393.73	2394.69	1	38	0.35	434.09	23.81	8850.84	2144.08
308	2396.216553	2395.50	2396.90	1	9300	85.32	123970.98	7295.14	8025.27	423376.94
309	2410.212646	2409.80	2410.92	1	102	0.94	1109.37	87.49	9098.83	4871.44
310	2412.192871	2411.91	2412.90	1	815	7.48	8322.36	623.10	10051.21	25015.45
311	2424.230957	2423.90	2424.87	1	17	0.15	132.09	10.30	9989.59	607.73
312	2426.209961	2425.86	2426.91	1	136	1.25	1452.76	112.02	9762.04	5286.70
313	2430.239502	2429.95	2430.94	1	50	0.46	506.70	14.08	8975.89	254.65
314	2431.250977	2430.94	2431.89	1	31	0.29	331.04	11.09	8326.42	308.12
315	2444.231445	2443.82	2444.74	1	25	0.23	229.31	13.17	9321.76	490.68
316	2471.229004	2470.79	2471.92	1	63	0.58	642.70	55.37	9576.30	2447.52
317	2486.280518	2485.97	2486.76	1	23	0.21	198.32	18.44	8801.91	983.02
318	2489.276855	2488.96	2489.97	1	36	0.33	384.51	24.13	9243.95	891.43
319	2500.292725	2499.98	2500.91	1	55	0.51	592.76	53.68	8408.21	2588.13
320	2514.284180	2513.91	2514.79	1	15	0.14	119.81	10.09	9073.58	555.56
321	2544.308105	2543.97	2544.96	1	45	0.41	489.86	43.04	7998.07	2088.27
322	2557.335205	2556.85	2557.90	1	14	0.13	119.70	10.56	7096.78	688.84
323	2558.321533	2557.90	2558.95	1	27	0.25	292.54	14.43	7632.11	467.52
324	2562.341309	2562.04	2562.90	1	24	0.22	220.00	18.44	8186.70	769.28
325	2566.272217	2565.91	2566.91	1	38	0.34	327.66	36.73	10628.36	1402.83
326	2570.284424	2569.98	2570.76	1	24	0.22	191.19	13.17	9510.28	363.47
327	2571.308838	2570.97	2571.86	1	24	0.22	207.67	10.37	8697.01	236.13
328	2584.300537	2583.97	2584.76	1	24	0.22	207.69	22.43	8374.44	1022.06
329	2586.312500	2585.87	2586.97	1	58	0.53	634.43	48.05	8697.48	1671.01
330	2600.325684	2599.72	2600.99	1	2415	22.15	32705.89	2745.31	8087.27	122120.01
331	2614.336426	2614.01	2615.02	1	23	0.21	210.83	23.62	8471.77	1117.46
332	2616.323730	2615.91	2616.97	1	149	1.37	1472.67	171.71	9867.83	5736.15
333	2630.335205	2630.01	2631.02	1	28	0.25	294.45	28.41	7734.28	1294.26
334	2660.388916	2659.87	2661.08	1	20	0.19	199.13	13.90	9103.55	437.14
335	2674.390625	2674.03	2675.05	1	101	0.93	1227.20	134.46	8544.70	5430.86
336	2690.423096	2689.96	2691.01	1	22	0.20	216.73	15.15	7346.65	415.90
337	2731.434814	2730.95	2732.01	1	16	0.14	150.35	13.48	6747.86	586.55
338	2745.438965	2744.88	2746.08	1	40	0.36	470.75	55.38	7964.11	2119.38
339	2766.437744	2765.96	2767.05	1	24	0.22	210.67	26.69	8350.28	812.55
340	2804.442871	2804.01	2805.08	1	29	0.26	319.62	37.00	7756.24	1384.93
341	2848.498047	2848.04	2849.12	1	29	0.26	286.33	39.44	7752.46	1354.71
342	2861.524414	2861.01	2862.09	1	12	0.11	68.93	10.18	5624.19	467.61
343	2863.512939	2863.14	2864.11	1	20	0.18	163.00	11.81	8548.80	225.51
344	2864.509521	2864.11	2865.16	1	22	0.20	200.60	11.82	7604.04	200.26
345	2905.536865	2905.09	2905.94	1	19	0.17	148.59	18.11	6633.82	734.81
346	2919.541748	2919.13	2920.17	1	43	0.40	520.15	70.97	6932.43	2740.63
347	2933.626709	2933.02	2934.17	1	12	0.11	83.99	10.22	5939.76	602.29
348	2934.569824	2934.17	2935.14	1	31	0.29	357.30	39.31	6674.07	1330.54
349	2937.554443	2937.16	2938.20	1	35	0.32	373.19	23.42	7567.44	402.17
350	2949.566406	2949.15	2950.16	1	14	0.13	83.22	13.87	7247.40	514.38
351	2952.564697	2952.21	2953.10	1	19	0.17	160.34	10.17	7568.03	190.73
352	2976.574219	2976.13	2977.17	1	23	0.21	245.08	22.70	6274.86	803.90
353	2990.578613	2989.88	2991.16	1	145	1.33	2059.36	281.56	7308.72	10238.65
354	3004.608398	3004.25	3005.13	1	14	0.13	73.06	13.02	6703.09	516.77
355	3008.592773	3008.19	3009.15	1	24	0.22	212.43	21.01	7313.47	506.24
356	3022.589600	3022.22	3023.18	1	23	0.21	209.30	28.55	6739.54	936.60
357	3035.578369	3035.26	3036.02	1	12	0.11	47.43	10.62	7708.45	365.29
358	3037.608154	3037.19	3038.13	1	18	0.16	162.27	13.27	6896.92	366.41
359	3052.588623	3052.26	3053.23	1	14	0.13	60.53	11.26	8253.07	358.40
360	3079.638184	3079.21	3080.09	1	16	0.15	121.91	15.30	5826.42	645.97
361	3093.650635	3092.96	3094.23	1	36	0.33	392.14	60.72	6779.88	2501.99
362	3108.654053	3108.11	3109.23	1	39	0.36	499.02	61.03	6729.94	2554.82
363	3113.637451	3113.26	3114.24	1	24	0.22	205.77	14.92	7065.63	276.81
364	3122.651855	3122.25	3123.23	1	14	0.13	86.94	12.36	5813.81	564.93
365	3125.640869	3125.25	3126.20	1	23	0.21	194.80	19.20	7478.17	473.88
366	3126.644043	3126.20	3127.24	1	31	0.28	290.96	22.41	7659.53	381.76
367	3140.670898	3140.27	3141.28	1	20	0.18	179.61	16.03	6470.92	487.78
368	3150.676270	3150.13	3151.23	1	30	0.28	343.68	39.95	6753.10	1500.00
369	3164.673584	3164.10	3165.24	1	217	1.99	3417.72	432.11	6999.19	17834.81
370	3178.672852	3178.28	3179.24	1	17	0.15	117.44	18.15	6394.82	873.30
371	3181.713135	3181.25	3182.24	1	26	0.24	225.92	13.22	6748.99	205.98
372	3182.686279	3182.24	3183.26	1	38	0.35	409.41	41.54	6948.98	1174.43
373	3194.678467	3194.21	3195.26	1	16	0.14	71.59	14.54	9061.91	597.35
374	3196.683105	3196.25	3197.27	1	45	0.42	545.58	63.04	7405.89	2117.43
375	3267.711914	3267.13	3268.26	1	25	0.23	216.88	32.75	7026.01	1480.52
376	3282.751953	3282.21	3283.31	1	30	0.28	356.12	43.28	6977.76	2171.78
377	3296.764648	3296.35	3297.08	1	15	0.13	56.00	10.75	8179.01	433.79
378	3299.737793	3299.34	3300.29	1	27	0.25	249.55	34.36	6730.94	1272.82
379	3314.750977	3314.25	3315.32	1	35	0.32	401.03	46.07	7183.71	1790.55
380	3324.748535	3324.20	3325.27	1	24	0.22	218.58	28.33	7313.73	1265.13
381	3338.762939	3338.03	3339.29	1	153	1.40	2439.51	296.88	7118.99	13807.43
382	3353.722900	3353.33	3354.29	1	19	0.18	113.14	20.22	6386.26	908.47
383	3356.766846	3356.29	3357.33	1	46	0.42	513.41	56.41	7538.00	1909.88
384	3368.819336	3368.18	3369.35	1	15	0.14	91.16	10.76	4026.46	750.34
385	3370.770752	3370.24	3371.32	1	98	0.90	1353.93	177.53	7573.60	7040.58
386	3384.789795	3384.48	3385.16	1	15	0.14	46.59	10.83	8836.26	414.37
387	3456.852051	3456.19	3457.41	1	18	0.16	129.42	13.98	6985.33	815.95
388	3473.844482	3473.36	3474.43	1	16	0.14	71.56	11.35	5545.15	619.56
389	3488.849121	3488.28	3489.35	1	75	0.69	1068.37	129.24	7191.91	6300.59
390	3499.847900	3499.37	3500.34	1	20	0.19	150.38	14.42	5968.10	594.18
391	3512.856445	3512.26	3513.37	1	66	0.60	928.16	113.33	7367.47	6020.21
392	3528.885986	3528.40	3529.35	1	20	0.18	94.22	19.13	7205.54	926.96
393	3530.859375	3530.36	3531.40	1	38	0.35	429.58	33.68	6508.73	1240.00
394	3543.863281	3543.41	3544.11	1	19	0.18	82.23	13.91	7409.73	912.60
395	3544.862305	3544.11	3545.37	1	250	2.30	4114.55	480.04	7177.34	23597.43
396	3558.892822	3558.35	3559.43	1	18	0.16	97.46	15.15	5396.97	886.18
397	3662.923340	3662.29	3663.45	1	37	0.34	459.75	49.28	7946.68	2675.87
398	3686.948975	3686.19	3687.45	1	19	0.18	124.11	14.96	5463.73	762.62
399	3704.956299	3704.37	3705.41	1	21	0.19	125.97	15.30	6482.49	674.75
400	3718.949219	3718.29	3719.46	1	108	0.99	1733.41	191.02	7246.82	11307.09
401	3734.995605	3734.48	3735.52	1	20	0.18	89.57	10.69	6577.19	329.81
402	3893.027100	3892.21	3893.47	1	34	0.31	377.27	41.69	7166.67	2706.70
403	3900.059570	3899.44	3900.54	1	25	0.23	155.86	15.62	7291.03	795.55
404	4068.133301	4067.60	4068.62	1	24	0.22	150.02	11.71	6006.88	480.43
405	4074.153076	4073.23	4074.52	1	33	0.30	325.32	26.78	6699.21	1769.74
406	4078.009033	4077.71	4078.79	1	41	0.38	309.53	13.90	6942.45	428.60
407	4244.103027	4243.74	4244.85	1	32	0.30	116.93	16.72	10177.90	630.82
408	4251.130371	4250.77	4251.85	1	49	0.45	279.74	19.24	8829.93	470.55
409	4424.228027	4423.72	4424.78	1	35	0.32	157.99	11.09	9245.73	286.92
410	4558.356445	4557.48	4558.70	1	31	0.28	197.51	12.10	7838.38	555.29
411	4676.364258	4675.78	4676.58	1	29	0.27	134.99	10.30	10478.33	481.97
412	4731.435547	4730.40	4731.65	1	33	0.30	251.90	24.31	11074.26	1667.88
413	4734.327637	4733.88	4735.01	1	104	0.96	557.49	50.03	9833.57	1735.15
414	4905.492188	4904.20	4905.65	1	24	0.22	112.46	11.14	12449.13	954.75
